 1199 -2918 1457     -13 115 -8     -7 8 -10 
 2551 2418 -1471     -106 -108 39     -6 -5 6 
 -73 1626 1321     58 -118 -8     -6 2 -9 
 -3297 -894 -551     183 31 -61     3 3 11 
 -1425 4298 617     32 -166 -32     7 -12 -1 
 -3718 877 1043     114 7 -20     10 -6 -4 
 -2089 -239 1142     52 12 3     7 0 -7 
 782 994 3311     16 -28 -32     -6 -3 -16 
 -937 2596 -109     -12 -117 -13     7 -3 2 
 -865 -2930 -1387     60 76 -56     -1 9 14 
 1196 -3308 2564     -26 59 0     -4 13 -15 
 -271 1957 -2944     8 -15 40     1 -10 13 
 -964 1228 1583     18 16 -12     4 -9 -8 
 -1639 1174 1970     84 -114 -138     1 5 3 
 -1840 1679 -1764     44 -20 91     8 -10 2 
 1104 -233 140     -21 -11 -28     -6 3 2 
 1136 -361 -3100     -40 14 98     -4 1 11 
 1480 -265 -1412     -36 42 18     -7 -3 8 
 144 -1217 -660     39 25 56     -6 6 -2 
 360 295 276     -51 -95 -11     3 9 -1 
 -2656 487 1228     78 12 -11     10 -5 -8 
 -1400 2295 -204     -9 -67 53     11 -9 -5 
 -1016 -769 -52     1 14 120     7 4 -14 
 1536 4167 -940     -99 -201 82     0 -7 -3 
 2398 3917 2412     -69 -51 -81     -3 -10 -2 
 -3283 536 733     46 72 -32     8 -8 0 
 -247 1180 -2901     46 -52 -18     -3 0 12 
 -2984 -499 -1475     -3 57 -8     11 -3 6 
 -431 2008 -3890     54 -40 49     -3 -4 10 
 2904 -775 -3614     5 -3 97     -11 3 5 
 2697 -1074 3401     38 70 -28     -13 -2 -10 
 -1259 1456 595     42 8 34     1 -6 -5 
 -1293 5020 -2110     -12 -199 93     7 -5 1 
 -1753 -1520 -320     -10 44 14     9 3 0 
 -2143 1040 -2220     83 -42 109     2 -1 0 
 -203 3210 -530     -56 -98 35     6 -6 -1 
 3017 -3820 290     -154 96 -6     0 9 -1 
 -1195 -180 -289     93 -30 -2     1 6 4 
 371 1368 953     -18 -16 -125     -2 -16 7 
 -1777 -426 -523     187 -16 24     -6 7 3 
 -2635 690 -1177     148 -83 59     11 3 6 
 431 -366 -1333     -62 18 124     4 1 -2 
 -2311 -750 143     147 11 -51     7 7 6 
 -151 354 -85     97 -29 -84     -13 -1 14 
 -325 -1602 779     -25 56 -13     8 11 -8 
 -385 -204 467     -7 37 0     6 -4 -6 
 665 -1272 -1195     -10 35 80     -7 10 3 
 -2525 7592 -6216     43 -14 0     1 -9 8 
 -68 4433 8721     -120 -113 -63     6 0 -8 
 -6971 -91 -561     -43 3 15     11 0 0 
 -2876 806 -8478     72 -60 58     0 2 8 
 -7907 4004 258     61 -42 -46     7 -3 2 
 -4358 6773 5523     50 -73 39     3 -5 -9 
 1941 1823 224     -102 -73 -54     1 -1 4 
 -1440 -1768 224     70 87 67     0 0 -7 
 -1776 3125 2870     20 -58 -4     6 -8 -12 
 1437 -697 -5635     -12 25 115     -5 1 14 
 -3603 -151 2366     30 -89 31     13 9 -13 
 -264 4805 3857     3 -105 -40     1 -11 -13 
 -831 -823 140     52 -35 5     -1 7 -1 
 2970 -634 1085     -52 110 -18     -8 -7 -3 
 1755 -4503 -1198     -18 102 8     -4 6 3 
 -4945 572 1727     42 -101 -5     12 6 -5 
 -70 5047 -2023     3 45 54     0 -19 2 
 -2845 4372 -2598     75 -110 116     3 -5 -1 
 -345 -228 -1898     -38 61 88     4 -4 -1 
 -2720 3622 1727     109 -2 -83     0 -11 1 
 -4045 -3228 -2448     -7 116 -7     13 1 8 
 580 3347 802     -10 48 19     -1 -14 -4 
 -1910 2875 1236     71 -54 88     -1 -1 -6 
 -2963 -6485 2406     -102 86 -42     9 4 -1 
 -18875 7633 -7890     86 -76 82     20 -6 6 
 391 9505 4980     -8 76 -108     0 -16 -1 
 -935 5800 -1533     -114 -129 59     7 -1 -1 
 -272 -7733 12858     69 18 10     -3 9 -17 
 -7292 613 12741     49 -116 -47     7 5 -14 
 3550 -518 -15339     51 33 73     -7 -1 16 
 4213 -8123 -2157     14 88 55     -6 6 0 
 -7721 418 -17250     80 69 2     6 -4 22 
 1738 -2831 -158     40 35 8     -12 10 0 
 2598 399 782     -66 10 45     -6 -3 -8 
 3068 129 -1558     -58 13 57     -9 -2 2 
 -1782 4139 -3628     -99 -93 171     18 -11 1 
 -1082 -3161 -498     55 83 67     0 7 -4 
 -5302 -1291 772     98 42 -70     16 2 3 
 808 979 232     -50 2 -1     1 -5 -1 
 -152 1479 -8     -86 61 11     9 -13 -1 
 1292 1700 -858     -72 -94 96     -4 -5 -4 
 304 -640 -455     53 -12 72     -11 9 -5 
 486 1063 -689     -52 -66 27     2 -2 4 
 993 -1823 182     -84 30 -47     1 16 5 
 -1230 -1615 -312     52 182 96     6 -8 -10 
 -268 1297 728     20 -105 -40     0 1 -2 
 1476 1697 875     5 -87 -71     -15 -5 1 
 1476 1193 -1813     -85 -51 46     -3 -5 11 
 932 -6376 -4019     -47 24 -82     1 12 14 
 -12763 29 8401     177 -19 -62     16 1 -14 
 5087 6059 1936     -139 -65 76     -2 -9 -9 
 -853 -721 -4889     28 6 40     0 1 8 
 -1288 329 -11219     58 33 96     -1 -3 18 
 1352 -286 4051     -61 38 -10     1 -2 -8 
 2477 -271 -4649     41 -40 32     -8 3 8 
 -1783 -376 -6944     59 41 155     0 -2 5 
 -8728 2204 -1514     27 48 -26     17 -8 5 
 2987 -7276 -1829     -100 54 -31     0 12 6 
 -86 2277 1643     48 -108 -103     -4 0 2 
 -1640 -726 3722     45 24 -48     3 1 -12 
 334 -4947 761     -82 71 -28     6 15 -1 
 2686 1290 572     -106 16 -41     -2 -7 1 
 1153 3663 152     -110 35 45     5 -19 -5 
 -3257 -957 -2620     45 35 -32     10 1 14 
 -4958 4524 -2179     16 -127 13     20 -8 8 
 -1913 2844 -898     47 -135 40     4 0 0 
 -3826 -5200 5502     -27 -24 31     8 10 -11 
 50 -7529 4380     34 27 -6     -2 11 -7 
 -362 3 273     20 20 -5     3 -4 -4 
 -927 -577 -887     82 89 56     2 -6 6 
 -942 -727 1133     78 -6 -102     3 14 -2 
 -92 -817 -222     -73 80 17     15 0 1 
 -1062 -87 -642     68 7 59     7 0 1 
 -532 -1332 -537     4 27 65     9 19 -2 
 8 888 968     -17 -19 -58     3 -13 -7 
 -1188 -1222 249     -13 12 39     5 3 -4 
 -672 -814 1713     28 45 3     0 -1 -6 
 612 -4354 3273     87 30 -87     -9 12 -4 
 3048 -2098 -3435     -27 86 80     -8 0 5 
 2556 3434 1137     31 -32 2     -11 -9 -4 
 -372 710 -1851     -47 -31 -61     5 0 11 
 -648 -2698 705     2 136 20     2 -2 -4 
 564 146 -2007     -36 -70 108     1 5 -2 
 2040 662 -6411     -85 -29 129     0 0 11 
 -5642 -1168 -495     101 -74 -40     7 8 4 
 -3724 -3058 -1279     -11 -21 -41     10 9 6 
 -1540 -5046 -2875     56 79 74     0 7 2 
 336 -3506 345     47 82 17     -4 3 -2 
 5432 3088 2375     39 -52 -99     -16 -4 1 
 1792 1716 -2749     -63 55 26     0 -8 5 
 -1274 316 723     148 76 -40     -7 -6 1 
 924 -104 4223     -32 4 -49     0 0 -7 
 1484 -832 107     -168 30 -18     8 0 1 
 -8594 3021 4906     21 28 4     14 -7 -9 
 10084 -1137 -5786     -86 35 90     -13 0 5 
 -5030 5628 -2420     -2 -170 73     9 0 0 
 -2324 -2952 220     1 124 44     4 -2 -3 
 2857 2757 55     -3 2 -36     -5 -5 2 
 3319 -2523 2497     -34 26 26     -4 3 -6 
 5256 903 -1020     76 11 65     -12 -2 -2 
 8028 5151 -1038     -1 -33 84     -12 -6 -3 
 3690 -4065 1266     -47 75 57     -3 2 -5 
 6606 5403 7026     -17 -40 -66     -9 -6 -7 
 -1638 1383 1338     11 -86 -51     14 -2 -6 
 896 1026 -622     -5 -98 -1     -8 3 6 
 763 1425 309     -78 -134 0     3 4 -3 
 1001 -619 113     55 72 44     -17 -4 -7 
 1191 109 1991     -116 -48 -8     5 3 -4 
 3453 -1718 -5230     136 60 46     -17 0 9 
 -2666 -2646 -4621     32 47 40     4 3 8 
 1436 -2829 1966     -51 -16 -45     -2 15 -5 
 696 2161 -2404     -35 -108 100     0 0 2 
 2486 2401 -1224     -9 48 20     -11 -16 4 
 3046 261 1116     -37 71 -139     -11 -8 8 
 -104 2751 2326     -121 -85 -42     12 -5 -7 
 -1044 -249 496     73 -19 -45     -2 3 2 
 556 -289 1826     -28 -59 67     0 7 -15 
 -274 1131 -44     -18 -46 45     3 -1 -4 
 2266 1141 -504     -19 -78 26     -9 2 0 
 -891 -129 1722     -121 92 -73     15 -8 -1 
 243 -2439 3276     23 70 -158     -3 4 0 
 -72 -339 399     -17 3 -10     2 1 -1 
 1461 -759 2205     -57 -109 -30     -1 13 -7 
 -597 -1536 882     30 -39 -33     0 10 -1 
 2469 -1683 1533     49 -10 -152     -15 8 7 
 957 3441 1428     -143 -1 106     9 -15 -16 
 -2487 -927 -5271     32 -35 194     8 7 5 
 915 585 1701     -97 -8 -83     5 -2 0 
 -1975 2665 -1727     138 -30 49     -4 -9 3 
 -2122 -23 -2945     24 76 74     7 -7 6 
 150 1353 672     36 -115 -12     -5 4 -3 
 2139 -1299 1437     -144 -4 -93     2 9 1 
 -955 3036 298     74 -79 -8     -2 -11 -1 
 2156 -1418 -1640     -46 84 34     -9 0 7 
 -938 -1418 808     82 66 25     -3 2 -8 
 -2179 -109 -382     146 25 -31     -2 -2 6 
 2139 1727 -280     -63 -74 -46     -7 -3 7 
 -1006 622 -59     77 -54 -5     -2 2 1 
 235 894 349     -113 -79 43     11 3 -7 
 2258 452 1624     -88 37 -32     -5 -7 -7 
 6485 8607 10076     -46 61 -99     -6 -14 -8 
 15533 4551 638     -78 -55 -57     -16 -3 2 
 128 6540 4148     -3 114 -67     0 -14 -2 
 11555 3186 2081     -116 0 -114     -9 -4 3 
 9371 -3015 -6031     20 79 54     -13 0 5 
 -12586 339 -7786     3 -7 59     16 0 7 
 -2056 -7383 -4705     -67 11 0     6 9 6 
 1025 2796 -13480     -126 -70 -15     5 0 18 
 -11416 -1962 -766     -47 12 39     17 2 -1 
 1103 -558 3212     -88 -24 -83     3 2 0 
 -56 -3584 3008     78 86 -151     -6 5 2 
 1072 -5108 -1720     -44 112 71     0 8 0 
 -1256 1936 -1384     28 -69 57     2 -1 0 
 1996 -992 1472     -120 -22 -12     3 5 -4 
 3376 1324 908     -140 -31 -101     0 -2 5 
 3604 412 6920     -62 -43 -189     -7 2 -8 
 -176 4384 2204     -17 -21 -80     2 -13 -1 
 -992 -1196 -3616     42 49 50     0 0 8 
 -353 -1549 -1122     -72 -82 26     6 10 1 
 727 -3169 -2337     0 6 -97     -2 8 13 
 -1973 -1387 -3282     44 -60 92     2 8 2 
 1159 -118 2712     96 75 -46     -10 -5 -4 
 -974 260 -2553     -105 -51 37     10 3 4 
 1645 2069 2388     50 22 -20     -8 -7 -5 
 1726 2420 -3930     -79 -19 46     1 -5 7 
 1564 4364 1740     53 -91 -38     -8 -5 -2 
 6496 8583 -2797     -129 -57 50     -4 -12 2 
 919 -6234 4727     74 188 9     -6 0 -9 
 2272 -2736 7796     -1 -3 -67     -4 5 -10 
 -9674 -558 9809     72 -52 -26     13 4 -16 
 8542 3765 -124     -55 89 20     -12 -12 -1 
 1909 3138 1790     -41 74 -21     -1 -10 -2 
 -1419 1399 -3011     42 -26 -27     0 -1 7 
 1716 -4244 5569     -53 -178 -32     0 18 -8 
 6270 211 -10931     -38 78 60     -9 -5 16 
 -5181 -3452 -338     71 36 62     5 4 -3 
 -6105 -8402 -5915     31 -1 27     9 15 9 
 -1848 310 -1097     4 92 17     3 -6 1 
 2803 -1755 -532     -71 13 2     -5 6 2 
 691 2348 -785     48 -24 71     -7 -7 -3 
 -233 4779 -994     -48 -31 0     5 -16 4 
 119 -4021 238     -41 93 -10     3 8 0 
 -1168 -3647 -3392     52 76 132     0 8 2 
 -1845 -443 -822     -24 -30 1     11 5 4 
 2315 1487 4428     -64 -53 -83     -5 -2 -13 
 3255 -2683 -772     -132 82 -12     -3 5 5 
 -1405 487 108     -25 -45 70     9 2 -7 
 -2315 1877 -1142     73 1 38     4 -9 2 
 -1975 -2143 -3372     -28 13 13     12 9 15 
 1945 3157 2138     28 -147 21     -12 -1 -12 
 -3555 977 708     114 -59 -2     6 1 -3 
 5865 5127 -4422     -105 -67 118     -18 -18 10 
 -3264 2343 -3273     79 -72 127     11 -6 6 
 3387 -2301 1992     -53 129 15     -14 0 -13 
 2295 5276 1762     -104 -67 -57     0 -15 -2 
 -2072 -774 1036     37 -22 68     5 5 -10 
 447 865 1300     -20 -39 -36     0 0 -2 
 -1467 -1852 2323     90 50 -117     -2 3 1 
 4473 -664 -1241     -157 -4 45     -4 3 1 
 1580 -1621 -2572     32 5 48     -9 6 6 
 9680 -3138 -4267     -41 22 -84     -14 4 12 
 -4107 4648 2023     32 3 -59     5 -8 0 
 -673 1860 7004     36 -55 -48     -1 0 -9 
 8337 7453 2516     -159 -132 84     -5 -5 -9 
 2276 -3123 -1445     -62 44 37     -6 12 4 
 -1885 -64 1576     27 33 -12     7 -3 -7 
 -7265 156 268     89 -23 -25     6 1 1 
 -9137 3036 826     104 8 -133     8 -5 6 
 -6167 -1770 -4592     77 86 73     5 -2 3 
 -1685 -2976 2824     45 27 -22     0 3 -3 
 5821 -870 5740     3 -13 -29     -9 2 -7 
 331 1596 232     -11 -100 -135     0 3 7 
 -1230 1100 -8455     87 -67 165     -3 2 6 
 -1470 5772 3641     -21 -81 18     4 -6 -8 
 7026 -2852 1913     -6 106 6     -13 -1 -4 
 -5422 5132 -5575     -13 -160 42     11 0 8 
 3792 1660 -43     -175 -121 15     -9 1 -2 
 42 -620 -778     3 39 24     0 0 3 
 -318 -1370 1697     11 137 -85     2 -6 -4 
 1842 130 -613     -69 -11 -19     -6 0 7 
 -963 3070 -2218     30 -151 144     5 -7 0 
 2847 -2795 1532     -112 80 -74     -9 13 -4 
 747 -875 197     12 56 -17     -7 0 0 
 627 -80 1022     -36 27 -128     0 -3 7 
 2667 655 1427     -108 -14 -91     -8 -4 -1 
 1002 -215 962     35 -28 -108     -12 5 5 
 -849 -4500 291     -67 65 22     6 5 -2 
 6405 4180 5499     -125 9 -18     -5 -9 -10 
 4576 -4128 1562     -66 53 -3     -5 5 -3 
 391 4738 -2189     37 -89 70     -3 -4 0 
 -1004 863 12     82 -108 15     -3 5 -1 
 1352 1514 -4390     -10 -49 13     -2 0 8 
 360 -4748 -81     -26 73 50     1 5 -3 
 -7297 2320 -6157     -3 -75 22     15 0 11 
 918 -780 229     68 -55 -8     -6 5 0 
 422 -7135 5871     -12 86 -62     0 9 -8 
 2921 -2245 1495     -93 55 -15     0 1 -2 
 1417 -4757 1367     -79 84 22     2 4 -4 
 2137 -4133 -5545     -118 -117 40     3 15 8 
 2761 -3685 -2329     -121 67 -44     2 3 7 
 3145 3851 3831     -199 -53 -22     6 -4 -6 
 -807 -1909 -8809     40 -71 10     -1 8 16 
 -3001 -1007 -4300     -11 2 69     11 3 9 
 2291 3961 -2416     -19 -30 28     -6 -11 6 
 1571 -3143 -2428     -14 66 41     -4 5 5 
 683 3001 6056     73 -90 -200     -8 -3 -4 
 -205 -759 517     108 44 50     -8 -1 -6 
 -642 1863 3622     31 -58 23     0 -2 -15 
 -1562 1449 -4405     83 8 -12     -1 -6 17 
 853 -1242 3668     14 -67 -51     -4 10 -9 
 -757 46 -6061     0 -15 156     3 1 9 
 -3287 -1403 -564     38 0 -35     9 5 5 
 -849 1840 3001     124 -33 -106     -7 -4 -2 
 1566 2806 -1162     43 -39 15     -9 -7 3 
 5706 3174 -5141     -77 -67 44     -14 -6 15 
 -1444 -4807 1648     -55 150 -100     6 0 3 
 -2596 2137 -7664     -19 -67 92     6 0 9 
 -4324 1577 -5456     35 0 23     6 -3 9 
 -1428 2121 1568     -39 82 -48     5 -9 0 
 -4884 -7063 -1168     36 -27 -12     7 15 3 
 -2612 -2871 2352     -35 -26 43     7 7 -7 
 2492 7737 4832     -13 22 -51     -4 -16 -6 
 3228 -2455 880     -102 -39 -10     0 7 -1 
 620 -4183 0     29 15 1     -3 7 0 
 1549 1698 2535     -94 -85 -179     -2 -5 0 
 -1643 1068 -202     29 -25 -66     12 -7 11 
 -229 697 -1756     48 -51 30     -4 0 13 
 1724 39 1219     -129 -49 -85     1 6 0 
 361 2678 211     21 -76 46     -6 -15 -8 
 291 410 3284     -19 -19 -166     0 -1 -9 
 -1711 -2642 -1098     79 109 72     6 11 1 
 -12485 -3505 -8183     17 14 59     16 4 8 
 2449 -351 -4877     92 9 -28     -8 0 8 
 -2377 1435 1241     63 40 -72     0 -4 2 
 397 7496 462     146 -22 46     -8 -9 -3 
 4672 -180 1621     -25 -15 -121     -5 1 4 
 -667 2442 1165     57 -45 -31     -2 -1 0 
 -97 -7210 6523     -75 53 -55     4 7 -6 
 -5911 -5329 -5941     0 62 39     8 4 6 
 -5132 4133 1583     38 -31 -42     5 -4 0 
 -797 -449 1945     68 51 -76     -2 -3 -7 
 2203 496 -620     -28 -20 55     -15 -2 -2 
 -512 286 -725     17 -14 46     2 -1 0 
 -317 2701 2845     92 -135 -88     -9 -6 -13 
 2488 -839 10     -95 13 -19     -9 5 2 
 -32 -584 -1805     1 68 54     0 -4 8 
 -1487 841 25     106 -59 12     -1 0 -2 
 9711 3803 1142     -7 36 3     -15 -8 -2 
 3306 -1797 722     -4 34 -183     -5 1 9 
 2050 -1523 1668     -33 42 148     -3 1 -15 
 2914 -227 -2544     -9 8 66     -7 0 2 
 4507 -227 -1977     -152 22 -25     -1 -1 7 
 5452 448 777     -75 -87 -43     -9 5 1 
 -1217 -3197 -2922     18 76 -102     2 3 15 
 -1703 -2738 -6     -6 -39 0     5 10 0 
 -29 -6410 453     16 83 -73     -1 11 4 
 1591 313 -5028     40 16 102     -7 -2 6 
 1753 -4823 2921     -46 -88 -58     0 11 -1 
 3672 -6932 2617     79 26 -89     -9 8 1 
 -1534 8477 2883     -135 30 21     9 -13 -5 
 -3187 5532 7994     45 -29 23     2 -6 -12 
 5249 -776 -2988     -21 59 -39     -6 -2 6 
 -774 -339 -7244     1 106 112     1 -5 4 
 -2104 -17268 1420     -3 64 118     3 20 -8 
 -1306 4335 -24     15 22 0     1 -7 0 
 -972 2893 110     -133 420 13     7 -27 1 
 1906 -490 2091     271 -62 298     -18 9 -21 
 -1422 -2788 323     -200 -398 44     14 27 -3 
 1079 -21 -2677     156 -2 -384     -9 -1 22 
 -513 1027 -2732     -71 147 -392     5 -13 29 
 472 -76 -2799     67 -14 -399     -6 5 28 
 -478 1841 2426     -69 269 351     5 -20 -26 
 2254 1465 -1528     324 211 -218     -19 -13 17 
 -277 1286 2981     -39 181 423     -1 -8 -24 
 71 2026 2683     5 285 383     -3 -20 -25 
 -581 -2942 -73     -79 -423 -11     4 33 -4 
 65 2932 137     7 418 19     -1 -29 -1 
 -401 582 -3050     -59 88 -434     1 -4 30 
 2976 -590 -108     421 -80 -12     -26 2 4 
 -2303 -645 -1751     -329 -91 -251     21 6 14 
 1140 -2857 662     164 -410 91     -11 27 -10 
 -2532 -643 1350     -363 -84 191     29 4 -20 
 1816 1234 -2316     261 177 -329     -18 -12 23 
 499 -2878 -236     71 -410 -38     -2 25 6 
 2553 -1482 -988     361 -214 -139     -24 14 9 
 -2086 -2102 -211     -300 -301 -31     12 23 -2 
 -256 -1962 -2187     -38 -280 -313     1 19 20 
 -1353 -1829 1849     -197 -264 260     15 19 -18 
 2427 -1169 1408     345 -170 206     -30 5 -17 
 -681 372 -3521     -98 58 -512     12 -3 39 
 -525 -322 -2723     -71 -46 -387     9 -2 33 
 -1485 2370 -939     -212 340 -138     19 -18 11 
 2629 23 1333     375 2 191     -24 -1 -13 
 -962 2687 -565     -140 383 -78     8 -20 5 
 990 3391 -1021     144 480 -152     -9 -32 8 
 -1608 2476 39     -229 351 3     17 -24 0 
 2455 44 -1459     350 3 -209     -26 0 19 
 3240 154 -210     457 20 -33     -31 1 6 
 -2171 -88 -1778     -309 -8 -254     19 0 15 
 -2277 -926 -1445     -325 -131 -207     24 5 11 
 -589 -1148 2928     -80 -170 418     9 12 -29 
 -2241 -1063 1406     -316 -152 197     24 16 -19 
 2092 -955 950     298 -136 132     -24 8 -7 
 -466 -2201 -1279     -62 -310 -180     -1 23 12 
 -468 -2983 -1861     -66 -425 -260     8 28 23 
 -1070 -2706 -272     -149 -388 -38     8 27 0 
 -2009 -1830 1787     -291 -264 248     20 22 -17 
 2822 -85 659     403 -14 89     -33 0 -10 
 -2363 -1805 -611     -337 -257 -89     24 16 12 
 -2598 2035 -674     -373 287 -95     28 -22 8 
 1173 2573 243     164 367 40     -14 -23 1 
 -836 3312 206     -118 475 29     8 -34 -2 
 1688 -381 2533     236 -57 357     -15 3 -25 
 143 1759 -2463     22 249 -355     0 -14 27 
 -2683 2007 980     -389 283 140     25 -23 -12 
 -670 -1250 -2411     -97 -178 -347     6 15 24 
 -1136 2357 985     -164 334 139     16 -27 -11 
 2096 -1737 638     298 -251 86     -20 22 -6 
 -2631 -271 1623     -375 -37 230     29 1 -18 
 2424 1243 1437     348 177 200     -26 -10 -19 
 2060 1385 938     294 197 134     -25 -14 -15 
 1331 2651 -818     193 381 -116     -13 -30 9 
 776 1916 1714     112 274 249     -5 -18 -17 
 -811 427 -2299     -117 63 -328     6 0 27 
 1354 2492 -186     191 355 -27     -16 -24 2 
 474 3023 -673     69 434 -92     -4 -25 10 
 1520 -2352 670     215 -334 94     -16 19 -7 
 -1149 -2556 -1447     -166 -360 -206     11 23 13 
 -37 2330 1867     -5 328 265     -2 -22 -14 
 -2861 -590 507     -413 -82 70     27 1 -2 
 3202 -250 647     462 -35 92     -24 2 -6 
 -2286 -833 -1219     -326 -122 -173     22 4 15 
 -2215 -1793 861     -321 -252 125     18 22 -4 
 -156 1321 2884     -21 191 413     1 -11 -30 
 -804 2418 -838     -114 340 -125     8 -26 6 
 -1121 -1781 -1869     -157 -256 -265     12 19 17 
 -1529 565 -2482     -217 86 -354     15 -5 29 
 87 1773 2467     17 253 356     0 -12 -24 
 -1370 2134 2591     -195 304 367     14 -20 -25 
 -14 2076 1747     -4 294 249     4 -12 -17 
 1935 -1618 1382     281 -226 197     -18 19 -13 
 -2297 1551 77     -331 223 10     16 -13 -2 
 -1952 -1430 82     -276 -199 12     14 13 0 
 -1987 -1518 -1457     -280 -216 -208     14 15 17 
 -1359 -1392 2060     -196 -199 295     12 15 -26 
 691 -2517 1578     98 -359 224     -9 26 -15 
 2671 965 580     381 131 81     -31 -14 -7 
 -243 614 2906     -31 84 421     3 -6 -30 
 -1052 646 3333     -149 95 476     12 -3 -37 
 510 1846 2487     72 264 351     -9 -20 -24 
 -1990 -1380 1739     -282 -193 248     18 9 -15 
 133 -2661 -1829     18 -382 -264     1 28 18 
 815 2490 1020     122 351 144     -8 -20 -4 
 2465 -1704 -1056     348 -243 -150     -24 16 12 
 -711 -1825 2020     -107 -263 293     3 18 -20 
 2090 1861 -455     295 266 -65     -16 -18 8 
 -76 2995 -1382     -11 422 -196     2 -32 12 
 2104 -1799 1488     298 -260 207     -24 19 -13 
 63 2542 2053     10 365 295     0 -26 -15 
 1575 1481 -1420     224 211 -200     -11 -18 14 
 -2166 -345 -1387     -306 -49 -201     17 -1 10 
 -945 2623 29     -132 371 3     12 -23 -1 
 2590 878 -717     370 129 -102     -22 -15 9 
 2515 -1076 -679     357 -154 -101     -23 6 6 
 -1338 -2273 -1604     -186 -328 -231     14 22 18 
 -353 -2665 -1229     -46 -379 -172     3 24 12 
 -83 2448 -822     -13 353 -116     4 -23 8 
 -523 2472 1345     -73 355 192     8 -26 -15 
 -2443 1609 -1552     -349 231 -216     27 -17 22 
 1999 -1105 2090     285 -162 296     -17 10 -20 
 1954 2345 1492     277 339 213     -19 -23 -14 
 2221 -1016 1120     316 -141 158     -24 12 -10 
 -3168 -1304 44     -455 -186 10     27 16 1 
 1622 -980 -2335     231 -145 -337     -15 13 21 
 2185 209 2262     311 34 326     -27 2 -22 
 -2551 -307 1547     -364 -42 223     22 2 -16 
 -908 -1546 2694     -129 -219 384     11 12 -29 
 3364 248 363     481 35 47     -30 -4 3 
 -417 2230 1781     -60 320 254     5 -24 -15 
 -1902 -30 -1618     -265 -1 -228     20 0 13 
 -693 3041 -63     -100 434 -9     1 -29 -2 
 -1400 565 -2175     -200 80 -310     15 -6 17 
 -1416 -2376 -1590     -205 -341 -226     17 23 12 
 1484 -2148 1957     212 -311 279     -18 22 -16 
 573 2306 -702     84 331 -100     -8 -20 4 
 2271 1826 646     317 255 92     -21 -19 -6 
 -1405 1090 2686     -200 154 380     16 -7 -25 
 1115 -2148 -2264     161 -308 -323     -15 18 22 
 1491 2294 -1052     215 330 -149     -14 -22 8 
 2596 1010 885     374 145 124     -24 -8 -10 
 -1795 1860 -1144     -257 267 -164     24 -20 9 
 1277 687 -2336     184 94 -333     -7 -6 28 
 -347 1880 2125     -49 269 301     0 -18 -22 
 -18 -2622 -1537     -2 -370 -219     -2 29 19 
 -1855 -2054 1009     -264 -297 140     21 17 -14 
 -326 -2183 2149     -40 -311 306     0 18 -17 
 -980 -864 -2259     -141 -118 -318     14 10 17 
 -1809 905 -2722     -258 133 -391     17 -12 26 
 592 1196 -2413     88 171 -351     -1 -7 26 
 2073 1542 2188     300 220 318     -19 -15 -18 
 -557 -2458 1007     -79 -350 142     11 22 -12 
 -2392 2150 1346     -342 309 192     24 -23 -12 
 994 -2356 833     142 -338 119     -9 31 -3 
 299 2668 -290     46 382 -41     -5 -25 2 
 1626 -692 -2134     238 -101 -303     -14 6 19 
 1605 -1643 -682     228 -238 -98     -16 19 6 
 2925 -496 -312     419 -74 -44     -28 3 5 
 1803 -1874 1905     259 -265 271     -11 18 -19 
 -2236 415 -1699     -319 57 -246     22 -6 16 
 1843 -488 1798     259 -69 257     -26 5 -20 
 -2754 1655 331     -392 240 47     26 -16 -8 
 -834 251 -2722     -116 33 -386     3 -5 21 
 1021 -1266 3203     146 -185 456     -8 12 -36 
 -3008 -317 1005     -426 -45 145     27 1 -11 
 -2940 246 -187     -420 35 -22     34 -1 -1 
 1801 -1599 -1446     256 -221 -208     -15 12 14 
 -682 -3221 -349     -93 -456 -50     10 31 6 
 1654 207 -2009     238 33 -287     -20 -10 26 
 361 131 3200     51 15 455     -4 -1 -32 
 -633 -781 -2968     -91 -114 -422     5 6 29 
 -2215 -1455 1996     -315 -209 290     21 17 -15 
 -1296 -1166 2232     -185 -166 322     10 8 -22 
 -506 1002 -2804     -67 140 -401     7 -10 31 
 886 713 3210     125 97 458     -11 -11 -31 
 473 1814 2234     67 258 320     -6 -21 -19 
 -1602 1619 2001     -225 230 285     21 -16 -20 
 -742 -2555 288     -107 -365 42     7 26 -2 
 -3147 -1191 643     -445 -169 93     36 11 -8 
 1263 214 2752     180 30 395     -9 -2 -29 
 -2143 2199 1241     -310 308 175     23 -24 -8 
 -2553 928 -1224     -364 125 -172     25 -7 9 
 -2136 -2245 -1378     -307 -323 -195     24 23 13 
 889 -1593 2244     129 -222 323     -8 17 -23 
 -1520 -1646 1398     -223 -235 199     21 13 -11 
 2628 1000 -86     374 139 -16     -27 -16 1 
 -2376 -283 -2193     -336 -38 -314     29 7 24 
 1742 2026 408     247 292 55     -17 -23 1 
 -2191 -1544 -527     -312 -215 -75     20 15 7 
 -1704 -1827 1891     -241 -263 273     19 22 -18 
 -1270 -49 3352     -181 -13 478     12 2 -32 
 -2569 901 331     -369 129 47     26 -4 -4 
 1141 2256 1587     163 320 220     -13 -22 -18 
 1137 -2605 -1860     159 -373 -265     -10 24 14 
 -34 -1139 -2680     -3 -162 -383     0 10 26 
 2205 -1859 -418     318 -263 -57     -23 19 9 
 2263 -885 731     323 -127 101     -19 10 -7 
 747 -1743 -2548     107 -251 -360     -8 19 28 
 -2858 -1478 -787     -404 -214 -111     31 16 10 
 -2627 342 956     -375 45 136     26 -6 -12 
 -2234 2105 357     -319 303 51     19 -20 -4 
 1027 -2032 1325     153 -292 186     -7 20 -9 
 1283 -1286 2609     185 -183 373     -10 7 -23 
 1360 1947 2379     197 277 339     -17 -15 -23 
 -860 -679 2987     -122 -97 427     3 9 -24 
 -1647 2787 -244     -232 401 -37     17 -30 1 
 837 3170 1198     119 454 170     -4 -24 -11 
 1266 -1460 2161     179 -200 308     -14 10 -21 
 1648 1562 -2437     235 226 -350     -14 -12 24 
 -570 2209 -1513     -85 316 -215     1 -21 20 
 330 -2321 -199     47 -329 -28     -3 24 4 
 -2067 1180 1813     -299 169 263     20 -8 -15 
 -78 -2126 2288     -5 -307 321     -2 21 -25 
 -1626 281 1926     -232 40 277     23 3 -20 
 -235 3009 -77     -32 428 -16     1 -26 1 
 -345 3015 279     -52 430 42     0 -21 -1 
 2896 -2028 -978     416 -288 -138     -32 20 9 
 -3125 -612 759     -449 -87 108     31 5 -12 
 2888 2 384     414 0 57     -32 1 -6 
 -731 1698 2115     -106 244 305     7 -13 -21 
 2036 -736 -1453     294 -107 -208     -20 6 11 
 1652 -2222 234     236 -319 33     -18 15 -3 
 -515 -3243 235     -72 -462 30     3 33 1 
 7 -2446 2313     -3 -346 330     4 28 -21 
 1566 2106 1297     223 298 187     -13 -21 -15 
 2773 -241 -1939     393 -34 -277     -23 3 19 
 -1981 -951 1585     -286 -137 221     20 8 -18 
 -14 2752 627     -2 392 88     2 -21 -6 
 -2752 -498 2256     -393 -70 317     27 1 -23 
 -2795 -853 -603     -406 -121 -86     25 5 2 
 631 -2038 -1425     90 -293 -206     -4 20 12 
 125 2224 1993     18 316 291     4 -21 -25 
 -2231 489 -1563     -322 70 -224     23 -3 15 
 -2139 746 -1996     -302 109 -279     21 -5 18 
 992 -1201 -2833     145 -172 -408     -8 15 24 
 -1702 -2598 -45     -247 -371 -5     17 28 -2 
 -2590 -960 482     -369 -137 68     28 7 2 
 3216 -233 416     461 -31 61     -34 6 -4 
 -1121 692 2728     -162 101 391     13 -8 -27 
 -2671 -146 2193     -383 -24 313     22 -3 -22 
 763 -241 -3416     107 -32 -482     -9 -2 33 
 -671 -3065 126     -94 -437 16     13 31 -4 
 564 -2454 1713     75 -350 244     -5 24 -17 
 -1735 -2340 -460     -247 -334 -62     14 23 4 
 6 -2515 1136     0 -359 163     0 26 -10 
 2952 -18 724     424 1 103     -33 2 -9 
 -1425 729 2352     -206 107 337     17 -7 -23 
 -2551 -193 -2026     -365 -31 -289     25 3 17 
 1329 -2258 -1434     189 -322 -206     -18 18 14 
 1211 2337 -829     173 332 -120     -15 -20 8 
 -1528 -2029 2196     -218 -290 315     18 18 -19 
 2764 2067 855     391 290 119     -23 -16 -7 
 50 -2547 1000     8 -363 140     -1 27 -10 
 -1843 -740 -2538     -258 -105 -364     20 8 24 
 2901 -143 -287     416 -19 -40     -32 -3 3 
 -745 3115 -349     -111 448 -51     7 -34 -3 
 1591 264 -2030     222 37 -288     -16 -6 19 
 166 -48 3636     23 -10 516     -1 2 -30 
 319 1678 -2277     46 237 -320     0 -18 23 
 -2171 614 -1695     -310 87 -242     21 -4 11 
 -1126 665 -2761     -157 93 -392     14 -6 29 
 1741 2247 1663     246 324 234     -17 -16 -20 
 1650 -1865 -1148     236 -268 -164     -17 14 11 
 319 -1899 -1553     45 -274 -219     0 18 12 
 -319 321 -3639     -42 45 -518     5 0 31 
 -863 -2811 20     -123 -397 4     9 31 -2 
 2645 -31 542     373 -5 73     -23 1 -4 
 -228 -1990 2353     -35 -287 336     5 22 -21 
 3382 828 -998     482 123 -143     -35 -9 7 
 -681 -2015 -1438     -89 -285 -208     6 19 12 
 -2127 -1613 -1494     -308 -234 -212     19 16 11 
 65 2762 -1780     9 395 -254     2 -26 17 
 -798 -2143 754     -112 -311 104     12 25 -10 
 1936 1826 927     277 263 131     -15 -20 -10 
 -720 -1926 -1387     -103 -275 -198     8 16 11 
 -2584 -1286 524     -371 -180 74     28 15 -9 
 286 -3580 426     39 -510 60     0 34 -7 
 -1940 -1873 -414     -277 -269 -56     19 14 6 
 2631 -809 -1547     376 -116 -229     -30 10 16 
 673 2160 -1825     102 308 -257     -4 -23 17 
 2169 -2413 -1194     307 -344 -170     -20 25 16 
 603 -3052 -393     89 -434 -53     -11 33 1 
 -1690 1909 1134     -241 272 169     15 -18 -15 
 -623 1217 1954     -93 172 275     10 -16 -15 
 -1697 -316 2170     -242 -45 310     20 -3 -19 
 -1516 2344 1308     -216 333 185     18 -20 -17 
 1853 -1625 701     261 -229 105     -20 19 -4 
 1542 -522 -2138     220 -70 -305     -20 8 20 
 -1835 -1148 -887     -257 -165 -126     22 13 5 
 3238 -2064 302     460 -292 47     -32 20 0 
 1003 -2638 -162     146 -372 -23     -10 26 5 
 -2709 1375 804     -385 196 120     24 -9 -9 
 -184 555 2572     -30 79 367     1 0 -29 
 -754 2751 -299     -110 393 -47     9 -28 2 
 2362 713 -1616     332 104 -227     -23 -7 15 
 254 732 -2598     38 104 -368     -8 -7 19 
 -2364 -799 1470     -344 -112 211     23 7 -16 
 2519 1937 -284     360 274 -40     -32 -22 3 
 2368 828 -1323     333 118 -182     -27 -5 12 
 -1443 -1799 2182     -204 -257 310     18 22 -23 
 -2230 320 1535     -319 47 219     21 -1 -15 
 -2176 1006 1711     -314 138 241     15 -10 -17 
 -2359 -1764 735     -341 -252 107     20 19 -6 
 -2255 2133 478     -318 303 67     21 -23 -4 
 1838 2021 -2030     262 293 -291     -22 -22 24 
 676 2730 -1581     98 391 -222     -7 -25 18 
 1654 1705 1873     233 240 270     -20 -22 -18 
 2899 -1228 -768     414 -171 -110     -29 10 12 
 -1106 -2603 -1038     -160 -376 -152     13 33 10 
 -2486 -1591 1417     -352 -223 202     23 14 -15 
 -224 -2723 405     -31 -392 57     -4 30 -2 
 -990 -385 2834     -141 -51 401     11 1 -30 
 2393 -1847 -12     343 -271 -1     -24 18 0 
 897 -1971 2676     126 -282 379     -11 19 -26 
 -1382 828 2465     -197 118 354     12 -11 -24 
 2715 -636 -95     383 -92 -10     -23 5 2 
 -1672 1496 1384     -238 215 196     13 -12 -8 
 -695 2864 430     -96 408 66     13 -28 -9 
 -890 2879 152     -128 419 18     11 -25 -1 
 1150 854 2388     160 127 344     -10 -10 -23 
 -1328 304 2387     -189 44 346     19 0 -20 
 1911 1030 2606     274 147 372     -21 -5 -22 
 -153 1935 1425     -17 277 204     -6 -18 -15 
 -563 -39 -3152     -85 -5 -449     4 0 31 
 1376 -434 2342     194 -58 337     -11 7 -24 
 1328 -3274 1577     188 -464 224     -13 32 -11 
 -1483 2780 842     -211 394 122     14 -27 -4 
 -2579 -50 157     -368 -5 18     22 0 -2 
 -2233 -1101 1703     -326 -156 244     23 11 -19 
 1576 -2527 660     225 -364 94     -14 29 -6 
 -920 -2797 -447     -128 -399 -63     7 22 4 
 -2430 2192 873     -347 313 128     25 -21 -11 
 616 2820 -591     84 402 -86     -5 -28 5 
 -544 -1235 2995     -78 -179 428     6 12 -29 
 -2103 152 1778     -297 15 262     21 2 -18 
 1499 276 3011     213 37 435     -14 -7 -31 
 -1913 2443 611     -270 345 87     15 -24 -4 
 -398 2956 72     -56 417 10     1 -31 5 
 -1863 1996 -1348     -266 285 -195     18 -15 14 
 -2302 -248 1303     -325 -38 181     17 1 -17 
 -591 -341 2548     -89 -52 364     4 5 -27 
 906 -1426 -2591     129 -206 -368     -7 14 19 
 -1733 -1479 1564     -251 -213 222     18 9 -13 
 2526 1103 78     357 157 11     -24 -9 -2 
 745 1626 2823     111 228 409     -6 -17 -23 
 -818 43 -2240     -118 11 -320     13 1 25 
 1837 993 1492     260 148 213     -17 -10 -16 
 -1099 1353 -2333     -162 193 -333     8 -9 22 
 467 2292 2372     66 332 340     -10 -18 -20 
 2035 1594 -773     290 227 -112     -18 -8 9 
 1663 -1377 1996     237 -196 283     -20 14 -16 
 -1151 1892 1053     -163 270 143     8 -21 -9 
 -1985 -1355 -1070     -283 -192 -151     22 10 9 
 880 -1024 -2847     121 -146 -401     -6 10 37 
 -2506 -941 -1276     -359 -141 -182     25 14 14 
 448 -3321 -1237     65 -469 -174     -4 31 10 
 1082 -384 2456     154 -55 343     -4 1 -21 
 583 -1175 2602     80 -167 370     -5 8 -26 
 -2143 1051 -2228     -306 150 -321     16 -11 26 
 -1351 1113 2530     -195 156 360     16 -11 -23 
 1289 2415 1068     186 345 157     -13 -31 -9 
 1829 -441 -2369     261 -59 -331     -20 4 25 
 -1181 2801 -1204     -168 406 -169     11 -25 15 
 1789 111 2716     253 16 391     -12 -1 -28 
 1188 -2396 -1168     173 -343 -166     -18 21 11 
 -624 -2348 1872     -87 -331 263     6 23 -17 
 974 2046 1600     141 293 228     -10 -20 -20 
 1087 -3 2753     157 4 393     -10 1 -31 
 -1696 2565 1439     -242 365 200     15 -21 -14 
 -2139 1264 1625     -308 186 239     21 -16 -17 
 -808 -2806 706     -116 -402 100     10 31 -7 
 -3344 -671 -1309     -477 -89 -186     31 4 12 
 -3120 -1016 -1164     -445 -145 -169     33 9 11 
 -392 1935 -1765     -54 277 -256     7 -20 20 
 -2772 50 -724     -398 7 -103     22 -2 1 
 -1135 909 -2293     -162 123 -325     11 -2 17 
 -2854 -66 -601     -402 -8 -82     29 -3 6 
 1651 760 1457     233 111 209     -16 -9 -14 
 -1771 -1151 -2641     -254 -160 -378     17 14 27 
 -1065 -2133 -2022     -152 -309 -293     12 24 14 
 1476 2335 -246     211 333 -32     -7 -22 0 
 -1903 461 2772     -268 58 396     21 -2 -25 
 765 -2802 769     112 -398 106     -3 33 -5 
 -3176 954 -234     -450 133 -36     29 -9 3 
 2177 -558 -2053     316 -78 -293     -21 5 19 
 394 1915 -2164     59 277 -313     -5 -20 21 
 1111 2949 1071     155 421 153     -10 -29 -12 
 -1787 102 2329     -254 13 332     14 -3 -20 
 -1253 -2502 -882     -176 -356 -124     15 24 7 
 1524 2539 -1037     216 362 -148     -15 -21 5 
 1881 745 2344     266 106 334     -14 -5 -24 
 -824 2492 1274     -117 355 187     2 -27 -11 
 -2672 -391 -718     -377 -60 -103     26 2 7 
 1706 -2502 613     248 -357 87     -19 23 -9 
 2838 442 349     400 63 52     -33 -4 -3 
 271 1719 -2620     42 245 -371     -5 -23 22 
 -1158 -1793 1596     -165 -258 225     6 10 -14 
 2491 -195 -2133     353 -23 -304     -22 -4 21 
 -119 2896 -1592     -14 413 -227     -2 -25 14 
 886 -685 2791     130 -97 398     -8 6 -26 
 1066 -2652 1270     152 -374 179     -10 28 -19 
 2080 1437 -1544     290 206 -216     -23 -15 15 
 1863 410 2408     270 56 345     -18 -4 -18 
 -524 3071 96     -74 436 11     7 -33 -4 
 580 -948 -2576     88 -133 -367     -12 11 22 
 -1103 1711 1858     -154 246 264     11 -15 -16 
 607 -2998 -745     79 -428 -101     -11 33 7 
 -1900 -1037 -1936     -269 -150 -275     16 12 15 
 -1155 -491 -2983     -164 -71 -431     11 -2 30 
 -2544 887 -742     -363 124 -109     23 -6 9 
 -731 2162 -1216     -102 311 -170     7 -19 16 
 -2202 -1939 1089     -320 -277 157     25 20 -10 
 -28 1561 2087     2 223 300     0 -16 -20 
 -1911 -1149 -1625     -271 -165 -230     15 10 12 
 -2869 -1090 310     -414 -155 49     26 15 -1 
 -695 -2254 -1859     -100 -321 -266     11 26 13 
 -2840 -674 1527     -405 -95 220     28 0 -17 
 -647 2949 1149     -91 421 164     8 -32 -11 
 2811 -1286 624     400 -179 89     -29 12 -3 
 1281 -380 -2752     182 -55 -391     -16 8 24 
 -2162 -1503 -1690     -306 -212 -240     21 15 14 
 2629 761 206     373 108 34     -27 -7 -7 
 -2021 620 2109     -288 90 301     20 -12 -22 
 -368 -2701 -164     -52 -380 -20     6 21 2 
 421 -3240 -681     60 -463 -96     -5 30 6 
 1919 -2148 -570     273 -304 -84     -24 24 5 
 1869 91 2715     264 13 389     -17 -5 -28 
 653 2752 1283     91 393 186     -3 -26 -15 
 -1085 -2377 -504     -155 -343 -71     10 23 4 
 2790 -724 -1756     400 -103 -250     -27 7 20 
 2362 670 1049     341 95 149     -22 -6 -10 
 -3223 261 -688     -459 42 -99     29 3 6 
 -968 2692 726     -135 386 100     9 -27 -6 
 763 -873 3032     108 -128 433     -7 11 -30 
 -397 -2950 -1235     -54 -417 -179     -1 30 13 
 2644 506 2319     370 68 328     -25 -5 -21 
 226 1558 2032     28 223 290     -2 -18 -18 
 -96 -2863 420     -8 -411 59     2 29 -1 
 2753 -521 644     389 -74 94     -25 4 -6 
 -2535 604 1696     -363 84 240     23 -5 -16 
 -1475 -1868 -1676     -211 -271 -235     13 20 20 
 2257 -411 1855     326 -61 264     -19 -2 -19 
 2632 1836 822     376 266 120     -30 -16 -8 
 -1695 1905 -1631     -243 272 -238     14 -27 18 
 -1726 1459 -2018     -246 211 -289     22 -17 23 
 2307 2175 489     328 312 67     -23 -20 -6 
 -1861 2174 -527     -269 313 -75     18 -24 5 
 -208 1185 2569     -28 169 371     -1 -10 -25 
 -1923 -300 2216     -271 -48 315     19 8 -22 
 -428 3024 -1181     -61 432 -171     3 -34 14 
 549 -2670 -461     73 -387 -65     -5 26 3 
 -1556 326 -2238     -221 43 -316     10 -3 27 
 -598 -3422 -454     -86 -488 -64     1 35 4 
 2143 -443 1333     302 -66 193     -20 8 -11 
 286 231 2772     40 35 396     -7 -1 -30 
 362 -2668 9     51 -379 1     -1 27 0 
 1015 -2626 -85     142 -376 -11     -13 33 -2 
 -709 904 2451     -103 130 350     5 -8 -27 
 2081 408 -1170     298 58 -166     -15 -7 11 
 -482 -2973 -1081     -69 -420 -151     2 31 9 
 -818 -74 -2792     -118 -10 -402     14 -3 32 
 2999 -87 -960     427 -14 -136     -31 3 6 
 2885 -1265 -374     409 -181 -53     -29 12 3 
 -1572 2938 16     -221 415 0     12 -30 0 
 -2424 -669 -1204     -342 -92 -175     21 8 17 
 -1215 1266 -2099     -173 176 -300     14 -7 21 
 -202 -3331 202     -33 -475 25     -1 36 1 
 935 2601 -482     133 370 -68     -12 -26 4 
 -1796 -2630 -1179     -260 -374 -168     20 24 10 
 -1532 -596 -1900     -220 -82 -274     18 5 23 
 -1577 -720 -2161     -228 -100 -303     17 8 25 
 -1215 1584 1974     -178 226 278     17 -15 -22 
 -3480 -170 1515     -499 -19 213     38 -1 -14 
 -2436 -111 -929     -353 -14 -128     25 0 14 
 2047 1023 -2117     292 149 -304     -21 -10 21 
 1510 -3054 336     224 -436 55     -12 35 -2 
 -2860 74 1242     -408 10 177     29 -2 -11 
 423 2218 -2064     56 316 -290     -1 -23 19 
 -1523 391 2820     -216 54 401     16 -3 -25 
 2150 822 -2210     305 114 -314     -21 -10 22 
 980 -2578 716     140 -368 106     -13 25 -13 
 -2221 -1430 671     -319 -202 91     29 20 -6 
 71 585 -2438     13 84 -348     0 1 24 
 -2243 -2418 -28     -320 -339 -10     22 23 0 
 -1990 1907 1046     -283 274 147     14 -22 -10 
 646 -563 -2987     96 -80 -426     -6 11 28 
 1124 -2386 -2399     166 -340 -342     -12 28 23 
 1269 -527 -2292     184 -75 -331     -12 2 24 
 -1031 2489 -962     -147 354 -138     13 -21 14 
 723 -2658 -127     105 -380 -14     -6 27 2 
 2 1922 2219     0 278 321     3 -18 -23 
 -2842 1751 -150     -408 256 -21     26 -17 -4 
 45 -2950 -602     9 -419 -87     3 29 6 
 -1231 -1203 -2120     -176 -172 -302     8 13 18 
 1637 -356 -1921     234 -56 -273     -14 1 18 
 -1712 -1611 -1495     -246 -229 -213     16 22 14 
 3521 152 -943     503 23 -134     -35 6 7 
 -2104 -2243 -337     -302 -320 -51     19 23 3 
 2358 -595 -1456     336 -91 -213     -22 8 14 
 -525 -1627 2776     -69 -232 399     0 14 -32 
 1648 963 -1620     238 134 -231     -12 -6 15 
 -2751 363 -551     -391 54 -79     24 -3 9 
 300 1792 2155     47 251 307     -6 -17 -16 
 1106 -214 -2291     156 -35 -325     -3 0 23 
 -1964 -795 -2331     -286 -111 -333     19 15 18 
 137 -3166 -572     21 -452 -82     0 30 3 
 -2691 705 -999     -388 98 -139     26 -9 10 
 1203 343 -3272     174 54 -469     -12 2 32 
 3115 -432 -66     447 -61 -3     -30 4 0 
 2562 -1744 862     367 -252 123     -23 17 -5 
 1380 -1281 1622     196 -177 230     -17 9 -14 
 -1200 -844 -2301     -173 -120 -328     15 15 20 
 -792 -1599 2552     -111 -231 367     7 17 -25 
 307 2585 -1745     46 361 -252     -2 -32 17 
 -199 -1278 -2273     -26 -186 -327     1 17 22 
 1870 -2159 -899     264 -314 -123     -18 22 6 
 434 1298 2381     63 185 337     -4 -11 -23 
 -2150 -2011 1077     -311 -289 157     15 22 -10 
 2355 -966 31     334 -136 2     -21 13 1 
 880 2467 1228     131 350 176     -10 -18 -9 
 2696 301 951     383 47 138     -29 -3 -10 
 50 1466 2481     4 210 354     0 -13 -21 
 -46 1414 2588     -3 203 369     2 -15 -22 
 -1343 790 2128     -191 114 306     17 -8 -19 
 -1893 -320 1958     -271 -46 278     18 1 -19 
 3013 80 1731     433 10 244     -30 0 -12 
 -1561 -2177 -1020     -227 -314 -145     16 26 16 
 -1230 2247 -501     -169 320 -71     14 -22 4 
 527 -2245 1744     67 -319 248     -6 21 -17 
 -1513 -166 -2981     -211 -28 -425     15 0 29 
 440 -823 2548     63 -116 364     -4 10 -24 
 -1545 -2022 350     -217 -285 51     19 18 -6 
 -1920 -2099 1374     -271 -304 197     18 21 -12 
 -1984 2245 966     -283 325 138     22 -22 -5 
 1286 1145 1885     186 163 271     -7 -11 -18 
 -2077 -1678 1117     -294 -243 156     24 17 -9 
 -65 3081 988     -9 440 141     -1 -33 -13 
 1372 -2516 92     198 -361 17     -13 23 0 
 574 -2894 -2168     82 -413 -309     -1 28 22 
 2843 -746 1072     408 -108 156     -26 5 -8 
 -2673 2015 -608     -380 287 -87     29 -14 5 
 -1103 -1722 -1992     -157 -247 -289     14 19 18 
 -619 528 -2863     -88 75 -410     5 -7 28 
 -1977 2190 1193     -282 311 167     17 -19 -13 
 860 -3029 253     123 -433 41     -8 33 -2 
 -1719 1295 -1775     -245 183 -250     13 -13 19 
 -2978 1898 -292     -428 271 -47     30 -18 2 
 565 1062 -2232     80 152 -315     -4 -10 28 
 -1305 1305 -2694     -183 186 -382     14 -14 26 
 -2484 -273 -1989     -359 -35 -283     23 4 18 
 1136 -1048 -2857     166 -150 -410     -9 9 30 
 -442 2206 2090     -64 315 301     4 -22 -14 
 -23 2898 224     -3 412 30     0 -26 1 
 2138 959 -1982     306 140 -283     -19 -9 17 
 -1618 1775 -1360     -231 253 -191     22 -18 12 
 692 1924 -2492     99 278 -361     -6 -17 28 
 -1023 2364 -1752     -142 340 -247     10 -19 19 
 -1750 -2698 1145     -246 -382 167     17 25 -11 
 3258 1100 -180     470 158 -26     -32 -13 0 
 -1915 -679 -2235     -273 -97 -323     21 9 24 
 -1104 -2081 -786     -155 -297 -113     11 22 10 
 -2858 -640 -706     -406 -90 -100     29 5 4 
 712 1716 -1986     102 248 -284     -7 -17 19 
 832 2700 -390     120 385 -55     -5 -26 3 
 1587 -619 2627     223 -84 375     -17 4 -28 
 2298 470 2118     325 62 302     -16 -8 -19 
 -2057 -1407 -2233     -288 -204 -317     25 14 26 
 -112 -62 2758     -13 -5 397     1 -2 -23 
 -211 -2054 2162     -32 -291 309     6 20 -24 
 2083 836 1594     299 118 228     -18 -8 -17 
 -530 2090 1973     -76 302 278     4 -26 -24 
 -1080 1942 -1900     -158 279 -272     6 -19 19 
 -2074 1278 1789     -301 186 250     14 -11 -18 
 -520 2504 414     -74 354 60     -2 -25 -7 
 -1176 -2282 -1591     -170 -326 -228     16 15 15 
 102 2968 990     12 427 146     -7 -32 -10 
 -2709 1659 -316     -389 241 -39     31 -9 1 
 -2290 1919 773     -329 275 105     22 -16 -12 
 615 482 3245     85 69 463     -10 0 -27 
 1234 2456 -1243     178 346 -177     -9 -21 9 
 1114 1679 1730     164 240 248     -12 -15 -17 
 -1422 1522 -1711     -208 209 -244     9 -15 21 
 2007 -1374 485     285 -201 69     -22 17 -4 
 -12 2520 544     -1 362 74     0 -26 -10 
 -474 -1923 2315     -67 -270 334     2 18 -21 
 1517 -2248 -418     216 -314 -59     -14 22 3 
 1118 2532 -1334     159 361 -189     -12 -25 13 
 -1489 -1372 -2353     -219 -200 -337     15 18 21 
 1056 25 -2775     149 1 -398     -17 0 27 
 -2726 1082 -1224     -389 153 -169     27 -7 12 
 751 608 -2592     102 88 -374     -6 -7 24 
 1945 2317 -136     276 331 -18     -23 -24 4 
 -3253 69 -228     -462 11 -36     36 0 -1 
 1255 -2938 -313     183 -419 -45     -8 26 7 
 -2646 2011 -797     -380 287 -109     25 -21 2 
 50 -1406 -2557     5 -198 -362     6 15 24 
 348 -1005 2940     51 -140 420     -2 7 -29 
 -672 2846 -1419     -97 402 -207     6 -28 11 
 2859 1440 -24     408 201 -9     -27 -21 2 
 2157 -1843 429     313 -263 61     -22 19 -4 
 45 -1064 2940     6 -158 419     1 12 -29 
 1730 987 -1830     247 143 -264     -19 -7 17 
 -1122 -1149 2253     -165 -161 322     12 11 -25 
 2676 -601 -785     380 -86 -115     -30 5 8 
 2435 -555 -1288     348 -80 -183     -24 6 12 
 1305 -81 2894     185 -10 413     -13 -4 -30 
 954 -2008 1396     140 -292 199     -9 25 -10 
 -133 2590 984     -19 374 140     0 -23 -10 
 1389 -2086 -2054     194 -296 -293     -16 18 19 
 -296 -2831 566     -37 -404 82     -2 24 1 
 -2569 -802 -1287     -369 -113 -183     28 10 10 
 -1886 1812 -2154     -266 255 -307     15 -17 26 
 -1719 -1231 1420     -244 -174 204     20 14 -18 
 -2888 -1394 1274     -412 -202 183     28 13 -14 
 1984 1660 1284     287 237 179     -19 -18 -16 
 -41 200 2573     -4 31 370     -1 -2 -25 
 -3016 34 -1363     -429 1 -190     31 -5 13 
 -1286 -763 2011     -183 -107 287     11 1 -21 
 -1848 1908 -618     -265 274 -87     19 -22 11 
 -688 2384 -207     -98 336 -29     7 -22 0 
 281 847 -2885     40 121 -412     -1 -11 25 
 192 -2453 -1601     31 -355 -222     -1 24 17 
 491 2203 2548     68 315 367     -5 -21 -28 
 -2321 -624 -555     -336 -90 -81     23 6 -1 
 -432 -3152 -213     -63 -450 -31     -2 31 1 
 -1867 1915 -782     -266 270 -110     22 -19 7 
 -892 -2127 -2359     -122 -311 -337     5 25 26 
 -941 2518 -1279     -140 360 -182     10 -25 11 
 1469 340 -3429     209 48 -490     -13 0 38 
 673 3163 673     101 451 95     -8 -34 -1 
 800 1337 2614     114 193 371     -2 -15 -24 
 1261 1722 -2285     179 249 -326     -14 -19 19 
 1473 -2386 -1740     210 -340 -248     -13 21 17 
 1905 2345 936     269 330 128     -21 -27 -8 
 -9 -2986 506     2 -426 74     0 29 -4 
 1104 2001 1666     158 286 238     -11 -20 -14 
 -497 -2214 2033     -66 -314 293     5 22 -13 
 209 -2513 -1928     29 -361 -273     -3 23 23 
 3148 -137 -45     452 -16 -6     -34 1 1 
 -738 -382 3098     -105 -51 440     8 2 -30 
 1401 2701 793     200 387 112     -11 -26 -11 
 -2116 -937 -1839     -303 -136 -266     19 9 20 
 686 -763 -3088     104 -117 -443     -6 10 27 
 -1078 -2695 1808     -150 -381 252     7 28 -22 
 -1664 -680 2702     -238 -102 384     19 8 -26 
 -2971 -700 1101     -431 -98 157     25 6 -11 
 -403 -2013 -1424     -57 -286 -197     -1 18 14 
 -248 -2160 -1597     -35 -308 -228     3 22 15 
 -1239 983 -1956     -175 136 -272     12 -11 20 
 1358 2352 2015     192 333 283     -8 -18 -14 
 -513 -2703 -1005     -72 -384 -140     3 26 14 
 1677 2614 -393     239 372 -55     -15 -26 2 
 568 -2323 1735     77 -333 241     -4 20 -10 
 2487 1279 -308     353 188 -42     -24 -12 9 
 1009 316 2729     136 46 389     -7 -7 -26 
 2442 -775 2407     345 -111 344     -25 7 -21 
 -936 2174 2023     -134 305 289     12 -18 -18 
 -731 -714 -2746     -104 -100 -390     0 5 30 
 422 -3337 -414     63 -477 -61     -4 31 4 
 1873 1735 -1252     270 244 -174     -22 -15 15 
 -2135 -1673 -1094     -306 -239 -155     21 18 13 
 -327 -2234 1998     -44 -322 283     1 22 -22 
 1599 722 1794     228 102 260     -16 -7 -17 
 749 -3446 -111     114 -490 -13     -9 35 1 